5
6
7
16
11
12
217
218
219
220
221
222
24
25
26
45
34
46
47
64
194
195
196
197
198
65
66
55
56
57
58
59
60
61
67
171
172
173
174
175
176
177
178
68
69
70
71
72
73
74
129
130
78
79
80
88
119
120
121
122
123
124
125
126
127
140
89
90
91
92
93
81
82
97
98
99
100
101
131
132
43
44
50
133
134
135
37
38
39
40
41
42
51
52
53
113
114
115
116
117
103
104
105
106
107
108
118
141
142
143
144
145
8
1
2
150
151
152
153
3
4
9
31
13
14
17
18
19
20
15
146
147
148
149
154
155
156
75
159
160
161
76
77
102
109
128
157
167
158
162
163
164
165
180
181
182
183
223
224
225
226
227
21
22
166
168
169
170
179
23
184
185
186
187
188
189
190
201
202
203
214
215
216
228
229
204
49
27
28
205
206
207
208
191
192
193
199
200
48
29
30
10
32
33
35
36
54
62
63
230
231
232
233
234
136
137
138
139
110
111
112
235
236
237
238
209
210
83
84
245
246
247
248
249
85
86
240
241
242
87
94
95
96
211
212
213
239
243
261
262
263
0
254
244
250
252
253
259
260
255
256
257
251
258


