13
3
9
10
11
14
1
2
12
5
6
15
4
0
7
8
1
181
109
75
122
47
86
124
201
161
209
168
188
88
51
191
19
120
217
89
110
0
159
69
153
99
13
89
7
42
26
124
194
46
45
44
78
104
215
231
2
177
137
150
127
233
54
46
148
104
13
140
1
66
107
196
163
59
60
64
222
86
135
5
113
158
114
145
88
20
37
22
54
14
47
170
116
78
161
181
109
75
122
47
86
124
201
161
209
168
188
88
51
191
19
120
217
89
110
0
159
69
153
99
13
89
7
42
26
124
194
46
45
134
16
77
165
162
8
244
89
55
160
16
9
230
145
70
31
192
124
126
252
231
207
127
26
16
213
110
153
51
217
21
254
127
130
76
134
108
123
147
146
59
67
208
137
130
181
198
41
172
89
171
38
18
146
229
106
82
94
149
172
89
70
162
167
162
85
13
142
57
174
96
255
32
60
84
174
187
145
37
231
90
240
20
15
43
192
147
34
170
32
118
250
13
63
76
163
207
220
108
152
97
4
31
216
232
42
42
14
145
216
247
19
157
219
175
194
41
147
187
213
171
2
76
73
201
213
168
127
51
125
248
24
221
69
25
228
82
76
131
207
91
45
219
14
120
182
76
189
201
181
189
252
221
230
23
145
202
179
154
235
14
68
246
144
16
248
66
143
24
134
119
137
137
104
147
170
59
176
87
239
70
38
85
221
23
218
188
6
163
25
119
217
232
203
134
51
149
186
235
187
238
65
75
163
123
160
208
30
223
221
216
74
104
124
76
177
135
134
140
62
72
18
157
104
194
102
4
150
5
29
137
198
165
252
21
0
18
244
205
59
111
3
229
41
225
7
129
240
224
255
218
196
78
229
252
230
53
94
206
219
87
210
158
182
151
58
45
232
255
184
145
149
156
195
148
38
40
178
140
86
124
113
90
207
193
115
216
36
18
14
32
157
123
23
38
208
110
19
86
132
81
45
56
104
213
149
184
24
156
35
4
